calibration_date: '2026-05-10 16:31:16'
camera_matrix:
  rows: 3
  columns: 3
  data:
  - 287.8207092285156
  - 0.0
  - 318.5250549316406
  - 0.0
  - 287.8207092285156
  - 247.14186096191406
  - 0.0
  - 0.0
  - 1.0
distortion_coefficients:
  rows: 1
  columns: 14
  data:
  - 4.451106071472168
  - 0.8672744035720825
  - 0.00021752322209067643
  - -0.00015141886251512915
  - -0.024302201345562935
  - 4.817135810852051
  - 2.1952435970306396
  - 0.010732695460319519
  - 0.0
  - 0.0
  - 0.0
  - 0.0
  - 0.0
  - 0.0
image_size:
  width: 640
  height: 480
camera_name: oak_d_rgb_factory
